25 5121.061523
0 2743.420654
1 2957.500732
2 3286.582520
3 3956.981689
4 3480.631836
5 3379.994141
6 3529.528076
7 3233.033691
8 3113.056152
9 3067.748047
10 3073.574707
11 3130.724854
12 3273.350586
13 3304.588867
14 3509.276855
15 3451.105957
16 3645.244385
17 3384.491699
18 3295.462158
19 3279.728516
20 3315.590088
21 3401.300781
22 3548.183350
23 3787.403564
24 4202.800293
25 5121.061523
26 4425.950195
27 4320.144531
28 4739.811523
29 3893.142578
30 3460.927246
31 3175.106201
32 2963.791016
33 2797.435547
34 2661.061035
